SIZE: 101
0 41.39753660 2.12356330 0 0 240 0 0 0
1 41.40052560 2.11713440 22 129 240 5 0 51
2 41.39406020 2.19094860 20 0 92 5 0 52
3 41.42137720 2.08627070 147 116 236 5 0 53
4 41.42227070 2.13323310 73 117 237 5 0 54
5 41.43640110 2.18893560 158 0 85 5 0 55
6 41.39797200 2.17343800 135 151 240 5 0 56
7 41.43220000 2.16124700 127 49 169 5 0 57
8 41.41009850 2.18822350 136 73 193 5 0 58
9 41.43215450 2.18508420 178 52 172 5 0 59
10 41.39825330 2.17687800 55 32 152 5 0 60
11 41.43531630 2.08933260 153 84 204 5 0 61
12 41.39491220 2.13269920 82 50 170 5 0 62
13 41.44181900 2.17304600 144 0 85 5 0 63
14 41.39691210 2.12195190 66 0 80 5 0 64
15 41.40289610 2.10700030 88 0 76 5 0 65
16 41.42202810 2.17641570 155 42 162 5 0 66
17 41.38104350 2.18867720 136 0 83 5 0 67
18 41.39289310 2.15261720 129 126 240 5 0 68
19 41.44252360 2.17430660 169 30 150 5 0 69
20 41.38859690 2.18120880 93 0 113 5 0 70
21 41.39809180 2.17319740 61 0 117 5 0 71
22 41.42876960 2.09558440 59 47 167 5 0 72
23 41.43418680 2.16529700 55 136 240 5 0 73
24 41.42457780 2.15607310 173 38 158 5 0 74
25 41.38892640 2.17960100 165 128 240 5 0 75
26 41.41895940 2.14909610 180 0 240 5 0 76
27 41.41927790 2.14900990 13 49 169 5 0 77
28 41.38534280 2.17170190 113 82 202 5 0 78
29 41.39560560 2.17296570 72 0 104 5 0 79
30 41.42487430 2.15596920 164 0 109 5 0 80
31 41.39713230 2.12343660 54 0 113 5 0 81
32 41.44193550 2.19008920 176 19 139 5 0 82
33 41.43460950 2.15629080 61 0 113 5 0 83
34 41.43342200 2.18441240 177 28 148 5 0 84
35 41.39843170 2.17893870 88 0 77 5 0 85
36 41.42938860 2.17646510 49 144 240 5 0 86
37 41.42690600 2.18465540 173 96 216 5 0 87
38 41.38785930 2.17799060 39 0 240 5 0 88
39 41.43074650 2.16251410 146 12 132 5 0 89
40 41.38672140 2.17353810 55 0 72 5 0 90
41 41.41695530 2.21603250 74 18 138 5 0 91
42 41.43314540 2.18911240 142 0 84 5 0 92
43 41.36250330 2.07296610 57 53 173 5 0 93
44 41.38226980 2.13802490 36 39 159 5 0 94
45 41.37961100 2.08964820 104 67 187 5 0 95
46 41.39716020 2.19588250 21 136 240 5 0 96
47 41.42256580 2.09726060 34 0 94 5 0 97
48 41.41273970 2.18130290 57 0 240 5 0 98
49 41.38963490 2.10462520 14 48 168 5 0 99
50 41.44984240 2.20782730 179 75 195 5 0 100
51 41.39747430 2.12799110 -22 137 237 5 1 0
52 41.41266620 2.16020560 -20 13 133 5 2 0
53 41.39002880 2.11717190 -147 138 236 5 3 0
54 41.44289120 2.21485120 -73 143 224 5 4 0
55 41.44130830 2.20664850 -158 11 131 5 5 0
56 41.42233050 2.18189410 -135 162 227 5 6 0
57 41.42474170 2.17131170 -127 58 178 5 7 0
58 41.37019390 2.05809080 -136 107 227 5 8 0
59 41.43119840 2.18743590 -178 59 179 5 9 0
60 41.39245750 2.16795150 -55 41 161 5 10 0
61 41.39407070 2.18067200 -153 109 228 5 11 0
62 41.40364660 2.19934050 -82 68 188 5 12 0
63 41.40768350 2.17528990 -144 14 134 5 13 0
64 41.39244310 2.10492030 -66 10 130 5 14 0
65 41.35605100 2.06936610 -88 19 139 5 15 0
66 41.44128310 2.20095760 -155 57 177 5 16 0
67 41.39163460 2.18771500 -136 10 130 5 17 0
68 41.40178920 2.20672040 -129 144 223 5 18 0
69 41.32571630 2.09067340 -169 59 179 5 19 0
70 41.38414740 2.05186090 -93 34 154 5 20 0
71 41.40577680 2.15391600 -61 11 131 5 21 0
72 41.40332330 2.15611370 -59 67 187 5 22 0
73 41.39674930 2.11219220 -55 152 236 5 23 0
74 41.36556140 2.05301940 -173 64 184 5 24 0
75 41.43799330 2.17923500 -165 146 227 5 25 0
76 41.42301310 2.15237270 -180 0 240 5 26 0
77 41.39629540 2.15095100 -13 61 181 5 27 0
78 41.36498840 2.12658370 -113 97 217 5 28 0
79 41.45021920 2.07829240 -72 32 152 5 29 0
80 41.43189850 2.16301530 -164 11 131 5 30 0
81 41.40261880 2.17579990 -54 16 136 5 31 0
82 41.43224650 2.16349840 -176 30 150 5 32 0
83 41.38210560 2.17609720 -61 24 144 5 33 0
84 41.40367350 2.16212660 -177 43 163 5 34 0
85 41.35864420 2.10061820 -88 22 142 5 35 0
86 41.38535170 2.15536850 -49 160 232 5 36 0
87 41.44360710 2.18076910 -173 108 228 5 37 0
88 41.36228790 2.10872500 -39 0 240 5 38 0
89 41.38442060 2.14052840 -146 36 156 5 39 0
90 41.45231470 2.22570450 -55 93 213 5 40 0
91 41.40009880 2.16306440 -74 35 155 5 41 0
92 41.37254470 2.12285750 -142 31 151 5 42 0
93 41.42443860 2.19060250 -57 84 204 5 43 0
94 41.32342770 2.08813950 -36 59 179 5 44 0
95 41.44988800 2.23682230 -104 100 220 5 45 0
96 41.43955720 2.21901660 -21 157 222 5 46 0
97 41.39414000 2.13906990 -34 18 138 5 47 0
98 41.42861460 2.23363630 -57 0 240 5 48 0
99 41.39860540 2.16167630 -14 65 185 5 49 0
100 41.37970190 2.16988380 -179 100 220 5 50 0