SIZE: 101
0 41.37381530 2.14590850 0 0 480 0 0 0
1 41.43035640 2.19642600 54 209 329 15 0 51
2 41.43642380 2.22020440 58 324 444 15 0 52
3 41.39569180 2.16167430 19 249 369 15 0 53
4 41.43830100 2.16705130 34 314 434 15 0 54
5 41.44419630 2.21268340 45 103 223 15 0 55
6 41.38024820 2.18825280 51 178 298 15 0 56
7 41.45906400 2.20147270 21 364 480 15 0 57
8 41.43032230 2.20825670 35 255 375 15 0 58
9 41.41269480 2.17883230 43 146 266 15 0 59
10 41.43770910 2.20716840 35 268 388 15 0 60
11 41.45259690 2.19209740 40 266 386 15 0 61
12 41.40782960 2.17548370 14 0 86 15 0 62
13 41.40773470 2.17843340 24 0 480 15 0 63
14 41.43823890 2.22461350 54 342 462 15 0 64
15 41.38409520 2.17424950 32 26 146 15 0 65
16 41.42173450 2.18117630 17 188 308 15 0 66
17 41.40879240 2.16481460 11 60 180 15 0 67
18 41.45119490 2.20634080 55 35 155 15 0 68
19 41.41095110 2.17330790 55 69 189 15 0 69
20 41.36614460 2.07086160 39 0 115 15 0 70
21 41.43038230 2.18656710 41 261 381 15 0 71
22 41.40108540 2.15528100 33 0 480 15 0 72
23 41.43838770 2.21857130 27 139 259 15 0 73
24 41.32307150 2.09393470 48 0 480 15 0 74
25 41.41017760 2.17808400 54 275 395 15 0 75
26 41.40049280 2.16022900 39 15 135 15 0 76
27 41.40664070 2.15574830 23 0 480 15 0 77
28 41.36898530 2.05644160 44 199 319 15 0 78
29 41.44087030 2.21837780 10 0 105 15 0 79
30 41.42752390 2.22315410 22 44 164 15 0 80
31 41.42460480 2.15700370 48 124 244 15 0 81
32 41.39970480 2.15300390 19 0 480 15 0 82
33 41.41204960 2.17015780 47 159 279 15 0 83
34 41.40034020 2.15276060 43 0 76 15 0 84
35 41.32667150 2.09026910 14 293 413 15 0 85
36 41.45976270 2.19970430 52 118 238 15 0 86
37 41.43916310 2.21659890 33 30 150 15 0 87
38 41.45269770 2.19346220 27 349 469 15 0 88
39 41.37531920 2.16403370 35 0 480 15 0 89
40 41.43039500 2.18446890 53 0 112 15 0 90
41 41.43993960 2.21969380 46 327 447 15 0 91
42 41.40089740 2.16037020 15 0 100 15 0 92
43 41.43404480 2.22495350 44 0 480 15 0 93
44 41.38913140 2.13731640 31 222 342 15 0 94
45 41.41343780 2.18404170 36 144 264 15 0 95
46 41.38968950 2.16709260 15 297 417 15 0 96
47 41.42639670 2.17975890 28 240 360 15 0 97
48 41.39963130 2.16659800 12 204 324 15 0 98
49 41.36327480 2.07212950 58 280 400 15 0 99
50 41.42205390 2.16275540 43 130 250 15 0 100
51 41.43472570 2.17180200 -54 228 348 15 1 0
52 41.44956580 2.21339420 -58 346 460 15 2 0
53 41.40375100 2.13983070 -19 270 390 15 3 0
54 41.42904810 2.18229840 -34 335 455 15 4 0
55 41.43503780 2.21231370 -45 242 362 15 5 0
56 41.38956460 2.15517890 -51 201 321 15 6 0
57 41.44854730 2.17560920 -21 388 463 15 7 0
58 41.44777770 2.21868550 -35 278 398 15 8 0
59 41.40427200 2.17026680 -43 167 287 15 9 0
60 41.44847800 2.22329170 -35 291 411 15 10 0
61 41.46667690 2.18490170 -40 288 408 15 11 0
62 41.40424800 2.17146110 -14 19 139 15 12 0
63 41.40376200 2.16701780 -24 0 480 15 13 0
64 41.43819090 2.23299850 -54 360 460 15 14 0
65 41.39067270 2.15564270 -32 47 167 15 15 0
66 41.42852230 2.18890730 -17 207 327 15 16 0
67 41.40552510 2.18546920 -11 80 200 15 17 0
68 41.45308690 2.19097260 -55 55 175 15 18 0
69 41.42281860 2.16412650 -55 91 211 15 19 0
70 41.37373140 2.06023700 -39 20 140 15 20 0
71 41.42905970 2.19461340 -41 279 399 15 21 0
72 41.38294610 2.17033190 -33 0 480 15 22 0
73 41.43688070 2.21942810 -27 276 396 15 23 0
74 41.33047880 2.09871010 -48 0 480 15 24 0
75 41.40828500 2.15646510 -54 296 416 15 25 0
76 41.38949660 2.16634830 -39 34 154 15 26 0
77 41.41934160 2.16077590 -23 0 480 15 27 0
78 41.36525300 2.05841180 -44 217 337 15 28 0
79 41.44698710 2.22776750 -10 20 140 15 29 0
80 41.44914430 2.21351730 -22 65 185 15 30 0
81 41.39515930 2.19826200 -48 152 272 15 31 0
82 41.39604150 2.16439690 -19 0 480 15 32 0
83 41.40355670 2.17818570 -47 178 298 15 33 0
84 41.38157320 2.16313690 -43 21 141 15 34 0
85 41.32389380 2.08313260 -14 310 430 15 35 0
86 41.46865230 2.18633390 -52 145 265 15 36 0
87 41.43126640 2.21739290 -33 50 170 15 37 0
88 41.45455310 2.21330970 -27 372 459 15 38 0
89 41.39668150 2.17428480 -35 0 480 15 39 0
90 41.43134210 2.19329730 -53 18 138 15 40 0
91 41.43844760 2.21698800 -46 343 462 15 41 0
92 41.40002030 2.16107870 -15 16 136 15 42 0
93 41.43898110 2.21716220 -44 0 480 15 43 0
94 41.40275780 2.15628340 -31 243 363 15 44 0
95 41.41079770 2.20745830 -36 166 286 15 45 0
96 41.38519950 2.18182640 -15 318 438 15 46 0
97 41.42704820 2.20764170 -28 262 382 15 47 0
98 41.39287580 2.16318370 -12 222 342 15 48 0
99 41.32975210 2.09486990 -58 310 430 15 49 0
100 41.41581390 2.16523810 -43 269 389 15 50 0